DOCUMENTO UNICO DE TRABAJO
Tarjeta + Matriz Individual + Matriz Parejas

TARJETA (G=Gross, S=Strokes, N=Net) |     |    |       |       |       |       |       |       |       |       |       |       |       |
------------------------------------+-----+----+-------+-------+-------+-------+-------+-------+-------+-------+-------+-------+-------+------
Hoyo                                | Par | SI | DAN_G | DAN_S | DAN_N | ROB_G | ROB_S | ROB_N | JUA_G | JUA_S | JUA_N | LUI_G | LUI_S | LUI_N
10                                  | 4   | 6  | 4     | 0     | 4     | 6     | 0.5   | 5.5   | 4     | 1     | 3     | 6     | 1     | 5
11                                  | 5   | 4  | 6     | 0     | 6     | 6     | 1     | 5     | 6     | 1     | 5     | 7     | 1     | 6
12                                  | 4   | 10 | 5     | 0     | 5     | 3     | 0     | 3     | 5     | 0     | 5     | 5     | 1     | 4
13                                  | 4   | 18 | 4     | 0     | 4     | 5     | 0     | 5     | 6     | 0     | 6     | 5     | 0     | 5
14                                  | 3   | 16 | 4     | 0     | 4     | 3     | 0     | 3     | 4     | 0     | 4     | 4     | 0     | 4
15                                  | 4   | 8  | 4     | 0     | 4     | 5     | 0     | 5     | 4     | 1     | 3     | 5     | 1     | 4
16                                  | 3   | 14 | 3     | 0     | 3     | 5     | 0     | 5     | 5     | 0     | 5     | 4     | 0     | 4
17                                  | 5   | 2  | 5     | 0     | 5     | 5     | 1     | 4     | 7     | 1     | 6     | 5     | 1     | 4
18                                  | 4   | 12 | 4     | 0     | 4     | 6     | 0     | 6     | 5     | 0     | 5     | 6     | 0     | 6
1                                   | 4   | 13 | 5     | 0     | 5     | 6     | 0     | 6     | 5     | 0     | 5     | 6     | 0     | 6
2                                   | 5   | 3  | 6     | 0     | 6     | 7     | 1     | 6     | 4     | 1     | 3     | 5     | 1     | 4
3                                   | 3   | 17 | 4     | 0     | 4     | 4     | 0     | 4     | 4     | 0     | 4     | 4     | 0     | 4
4                                   | 4   | 1  | 5     | 0     | 5     | 6     | 1     | 5     | 4     | 1     | 3     | 6     | 1     | 5
5                                   | 3   | 15 | 5     | 0     | 5     | 3     | 0     | 3     | 5     | 0     | 5     | 5     | 0     | 5
6                                   | 5   | 5  | 5     | 0     | 5     | 7     | 1     | 6     | 7     | 1     | 6     | 7     | 1     | 6
7                                   | 4   | 11 | 6     | 0     | 6     | 5     | 0     | 5     | 6     | 0     | 6     | 6     | 0     | 6
8                                   | 4   | 9  | 5     | 0     | 5     | 4     | 0     | 4     | 5     | 0     | 5     | 4     | 1     | 3
9                                   | 4   | 7  | 4     | 0     | 4     | 6     | 0     | 6     | 5     | 1     | 4     | 6     | 1     | 5

MATRIZ INDIVIDUAL (resultado: +1 gana DAN, 0 empate, -1 pierde DAN) |     |     |     |     |     |     |     |     |     |    |    |    |    |    |    |    |    |    |
--------------------------------------------------------------------+-----+-----+-----+-----+-----+-----+-----+-----+-----+----+----+----+----+----+----+----+----+----+------
Rival/Concepto                                                      | H10 | H11 | H12 | H13 | H14 | H15 | H16 | H17 | H18 | H1 | H2 | H3 | H4 | H5 | H6 | H7 | H8 | H9 | Total
Strokes ROB                                                         | 0.5 | 1   | 0   | 0   | 0   | 0   | 0   | 1   | 0   | 0  | 1  | 0  | 1  | 0  | 1  | 0  | 0  | 0  | 5.5
Strokes JUA                                                         | 1   | 1   | 0   | 0   | 0   | 1   | 0   | 1   | 0   | 0  | 1  | 0  | 1  | 0  | 1  | 0  | 0  | 1  | 8
Strokes LUI                                                         | 1   | 1   | 1   | 0   | 0   | 1   | 0   | 1   | 0   | 0  | 1  | 0  | 1  | 0  | 1  | 0  | 1  | 1  | 10
DAN vs ROB                                                          | 1   | -1  | -1  | 1   | -1  | 1   | 1   | -1  | 1   | 1  | 0  | 0  | 0  | -1 | 1  | -1 | -1 | 1  | 1
DAN vs JUA                                                          | -1  | -1  | 0   | 1   | 0   | -1  | 1   | 1   | 1   | 0  | -1 | 0  | -1 | 0  | 1  | 0  | 0  | 0  | 0
DAN vs LUI                                                          | 1   | 0   | -1  | 1   | 0   | 0   | 1   | -1  | 1   | 1  | -1 | 0  | 0  | 0  | 1  | 0  | -1 | 1  | 3

MATRIZ PAREJAS (resultado: -2,-1,0,+1,+2) |     |     |     |     |     |     |     |     |     |    |    |    |    |    |    |    |    |    |
------------------------------------------+-----+-----+-----+-----+-----+-----+-----+-----+-----+----+----+----+----+----+----+----+----+----+------
Pareja/Concepto                           | H10 | H11 | H12 | H13 | H14 | H15 | H16 | H17 | H18 | H1 | H2 | H3 | H4 | H5 | H6 | H7 | H8 | H9 | Total
Strokes pareja (carrier ROB)              | 0   | 0   | 0   | 0   | 0   | 0   | 0   | 0   | 0   | 0  | 0  | 0  | 1  | 0  | 0  | 0  | 0  | 0  | 1
DAN+ROB vs JUA+LUI                        | -2  | 0   | 1   | 2   | 1   | -2  | 1   | 1   | 1   | 0  | -2 | 0  | -1 | 1  | 1  | 1  | -1 | -1 | 1